image: hallway_straight.pgm
resolution: 0.050000
# origin: [-25.624998, -25.624998, 0.000000] 
#origin: [4, 33, 4.150]
origin: [-8, -2.1, 0]
negate: 0
occupied_thresh: 0.65
free_thresh: 0.196

